2508.18513
2509.18868
2510.07642
2510.11822
2510.21272
2511.22521
2512.05925
2512.08326
2512.12492
2602.07954
2602.10494
2602.11731
2602.24111
2603.04549
2603.11875
2603.12071
2603.13247
2603.16723
2603.20637
2604.07666
2604.11943
2605.00034
2605.01727
2605.01740
2605.03065
2605.06669
2605.14665
2605.19075
2605.24834
2605.25447
2605.26663
2605.28830
2605.31446
2606.05185
2606.09266
2606.09278
2606.09682
2606.15833
2606.21690
2606.21724
2606.24124
2606.26686
2606.29225
2607.06600
2607.07146
2607.13716
2607.17987
2607.19396
2607.20852
2607.25069
